0.000000000000000000e+00 0.000000000000000000e+00
5.005005005005005309e-02 9.995820505791119803e-02
1.001001001001001062e-01 1.994663003948037028e-01
1.501501501501501523e-01 2.982761194677930883e-01
2.002002002002002123e-01 3.961417398383649258e-01
2.502502502502502724e-01 4.928200942230867021e-01
3.003003003003003046e-01 5.880715731758232589e-01
3.503503503503503924e-01 6.816606179096912355e-01
4.004004004004004247e-01 7.733563017946495366e-01
4.504504504504504570e-01 8.629328990979034941e-01
5.005005005005005447e-01 9.501704395690823146e-01
5.505505505505505770e-01 1.034855247510393150e+00
6.006006006006006093e-01 1.116780464013496621e+00
6.506506506506506415e-01 1.195746551089619913e+00
7.007007007007007848e-01 1.271561776467298177e+00
7.507507507507508171e-01 1.344042677882963277e+00
8.008008008008008494e-01 1.413014505743293681e+00
8.508508508508508816e-01 1.478311643094597283e+00
9.009009009009009139e-01 1.539778001893442827e+00
9.509509509509510572e-01 1.597267394634082072e+00
1.001001001001001089e+00 1.650643880451766243e+00
1.051051051051051122e+00 1.699782084886725331e+00
1.101101101101101154e+00 1.744567492561115651e+00
1.151151151151151186e+00 1.784896712090551230e+00
1.201201201201201219e+00 1.820677712622681410e+00
1.251251251251251251e+00 1.851830031467508242e+00
1.301301301301301283e+00 1.878284952357563764e+00
1.351351351351351537e+00 1.899985653950508668e+00
1.401401401401401570e+00 1.916887328261968504e+00
1.451451451451451602e+00 1.928957268792308666e+00
1.501501501501501634e+00 1.936174928187384792e+00
1.551551551551551666e+00 1.938531945349874164e+00
1.601601601601601699e+00 1.936032141994428191e+00
1.651651651651651731e+00 1.928691488716381297e+00
1.701701701701701763e+00 1.916538040719920621e+00
1.751751751751751796e+00 1.899611843427262414e+00
1.801801801801801828e+00 1.877964808265337071e+00
1.851851851851851860e+00 1.851660559000531947e+00
1.901901901901902114e+00 1.820774249065008954e+00
1.951951951951952147e+00 1.785392350389854554e+00
2.002002002002002179e+00 1.745612414330581119e+00
2.052052052052052211e+00 1.701542805339206321e+00
2.102102102102102243e+00 1.653302408104020849e+00
2.152152152152152276e+00 1.601020308943139403e+00
2.202202202202202308e+00 1.544835452300788781e+00
2.252252252252252340e+00 1.484896273255911447e+00
2.302302302302302373e+00 1.421360307010883339e+00
2.352352352352352405e+00 1.354393776383831183e+00
2.402402402402402437e+00 1.284171158381032241e+00
2.452452452452452469e+00 1.210874730976105873e+00
2.502502502502502502e+00 1.134694101269981381e+00
2.552552552552552534e+00 1.055825716249884971e+00
2.602602602602602566e+00 9.744723574067141181e-01
2.652652652652652598e+00 8.908426205080384186e-01
2.702702702702703075e+00 8.051503818585370453e-01
2.752752752752753107e+00 7.176142524108413134e-01
2.802802802802803139e+00 6.284570211174171916e-01
2.852852852852853172e+00 5.379050889383025780e-01
2.902902902902903204e+00 4.461878949400434613e-01
2.952952952952953236e+00 3.535373359381113190e-01
3.003003003003003268e+00 2.601871811483405517e-01
3.053053053053053301e+00 1.663724833224814181e-01
3.103103103103103333e+00 7.232898784881737486e-02
3.153153153153153365e+00 -2.170745869907488718e-02
3.203203203203203397e+00 -1.155014990839279693e-01
3.253253253253253430e+00 -2.088188535205444396e-01
3.303303303303303462e+00 -3.014269039184857002e-01
3.353353353353353494e+00 -3.930952727970869476e-01
3.403403403403403527e+00 -4.835963954344418836e-01
3.453453453453453559e+00 -5.727060838318103198e-01
3.503503503503503591e+00 -6.602040810982281460e-01
3.553553553553553623e+00 -7.458746048868640788e-01
3.603603603603603656e+00 -8.295068785448102000e-01
3.653653653653653688e+00 -9.108956486714216982e-01
3.703703703703703720e+00 -9.898416878169519206e-01
3.753753753753754197e+00 -1.066152281092956011e+00
3.803803803803804229e+00 -1.139641695508661456e+00
3.853853853853854261e+00 -1.210131630893122923e+00
3.903903903903904293e+00 -1.277451651311328540e+00
3.953953953953954326e+00 -1.341439595933451967e+00
4.004004004004004358e+00 -1.401941968369945002e+00
4.054054054054054390e+00 -1.458814303541039914e+00
4.104104104104104422e+00 -1.511921511207325208e+00
4.154154154154154455e+00 -1.561138195348225510e+00
4.204204204204204487e+00 -1.606348948637287943e+00
4.254254254254254519e+00 -1.647448621327018747e+00
4.304304304304304551e+00 -1.684342563921436442e+00
4.354354354354354584e+00 -1.716946843081361251e+00
4.404404404404404616e+00 -1.745188430275568026e+00
4.454454454454454648e+00 -1.769005362760124989e+00
4.504504504504504681e+00 -1.788346876538326802e+00
4.554554554554554713e+00 -1.803173511024473097e+00
4.604604604604604745e+00 -1.813457185206104105e+00
4.654654654654654777e+00 -1.819181245171072936e+00
4.704704704704704810e+00 -1.820340482937759630e+00
4.754754754754754842e+00 -1.816941126598691003e+00
4.804804804804804874e+00 -1.809000801859609098e+00
4.854854854854854906e+00 -1.796548465127465910e+00
4.904904904904904939e+00 -1.779624308371724251e+00
4.954954954954954971e+00 -1.758279636053547756e+00
5.005005005005005003e+00 -1.732576714486790737e+00
5.055055055055055035e+00 -1.702588594062968808e+00
5.105105105105105068e+00 -1.668398904839447638e+00
5.155155155155155100e+00 -1.630101626055769026e+00
5.205205205205205132e+00 -1.587800830207144021e+00
5.255255255255255165e+00 -1.541610402366585753e+00
5.305305305305305197e+00 -1.491653735507712630e+00
5.355355355355356117e+00 -1.438063402638819488e+00
5.405405405405406150e+00 -1.380980806615245804e+00
5.455455455455456182e+00 -1.320555808551174826e+00
5.505505505505506214e+00 -1.256946335803772019e+00
5.555555555555556246e+00 -1.190317970551702409e+00
5.605605605605606279e+00 -1.120843520036628682e+00
5.655655655655656311e+00 -1.048702569580038935e+00
5.705705705705706343e+00 -9.740810195286412343e-01
5.755755755755756375e+00 -8.971706073194885001e-01
5.805805805805806408e+00 -8.181684158908507642e-01
5.855855855855856440e+00 -7.372763696965839442e-01
5.905905905905906472e+00 -6.547007196102547777e-01
5.955955955955956505e+00 -5.706515180305131718e-01
6.006006006006006537e+00 -4.853420855211141305e-01
6.056056056056056569e+00 -3.989884703375077835e-01
6.106106106106106601e+00 -3.118089022070180683e-01
6.156156156156156634e+00 -2.240232417412799659e-01
6.206206206206206666e+00 -1.358524268677816504e-01
6.256256256256256698e+00 -4.751791767204290029e-02
6.306306306306306730e+00 4.075885895684221161e-02
6.356356356356356763e+00 1.287570634868641928e-01
6.406406406406406795e+00 2.162569953252929944e-01
6.456456456456456827e+00 3.030406404469667137e-01
6.506506506506506859e+00 3.888922137058793971e-01
6.556556556556556892e+00 4.735986944833064927e-01
6.606606606606606924e+00 5.569503543450777805e-01
6.656656656656656956e+00 6.387412754032648632e-01
6.706706706706706989e+00 7.187698581034244194e-01
6.756756756756757021e+00 7.968393171875661762e-01
6.806806806806807053e+00 8.727581646151072459e-01
6.856856856856857085e+00 9.463406782591569089e-01
6.906906906906907118e+00 1.017407355233442390e+00
6.956956956956957150e+00 1.085785348745947232e+00
7.007007007007007182e+00 1.151308887418773352e+00
7.057057057057057214e+00 1.213819676059742392e+00
7.107107107107107247e+00 1.273167276919713098e+00
7.157157157157157279e+00 1.329209470520363423e+00
7.207207207207207311e+00 1.381812595190147430e+00
7.257257257257257343e+00 1.430851864501164306e+00
7.307307307307307376e+00 1.476211661856599244e+00
7.357357357357357408e+00 1.517785811537081697e+00
7.407407407407407440e+00 1.555477825574630213e+00
7.457457457457457473e+00 1.589201125884598609e+00
7.507507507507508393e+00 1.618879241149122850e+00
7.557557557557558425e+00 1.644445978009761999e+00
7.607607607607608458e+00 1.665845566192235783e+00
7.657657657657658490e+00 1.683032777252135848e+00
7.707707707707708522e+00 1.695973016697161162e+00
7.757757757757758554e+00 1.704642389308538286e+00
7.807807807807808587e+00 1.709027737551735759e+00
7.857857857857858619e+00 1.709126653034144683e+00
7.907907907907908651e+00 1.704947461034963307e+00
7.957957957957958683e+00 1.696509178199850920e+00
8.008008008008008716e+00 1.683841443559922713e+00
8.058058058058058748e+00 1.666984423101085744e+00
8.108108108108108780e+00 1.645988688175481274e+00
8.158158158158158813e+00 1.620915068111682844e+00
8.208208208208208845e+00 1.591834477444161289e+00
8.258258258258258877e+00 1.558827718245228811e+00
8.308308308308308909e+00 1.521985258104004535e+00
8.358358358358358942e+00 1.481406984356831824e+00
8.408408408408408974e+00 1.437201935231796401e+00
8.458458458458459006e+00 1.389488008626454718e+00
8.508508508508509038e+00 1.338391649292433705e+00
8.558558558558559071e+00 1.284047515253058824e+00
8.608608608608609103e+00 1.226598124330489981e+00
8.658658658658659135e+00 1.166193481706884638e+00
8.708708708708709167e+00 1.102990689489729004e+00
8.758758758758759200e+00 1.037153539294576099e+00
8.808808808808809232e+00 9.688520888989115010e-01
8.858858858858859264e+00 8.982622240586367601e-01
8.908908908908909297e+00 8.255652066136058842e-01
8.958958958958959329e+00 7.509472100407195150e-01
9.009009009009009361e+00 6.745988436421844758e-01
9.059059059059059393e+00 5.967146665826152940e-01
9.109109109109109426e+00 5.174926930116340307e-01
9.159159159159159458e+00 4.371338895284677672e-01
9.209209209209209490e+00 3.558416662616932236e-01
9.259259259259259522e+00 2.738213628507180086e-01
9.309309309309309555e+00 1.912797306257706664e-01
9.359359359359359587e+00 1.084244122900975965e-01
9.409409409409409619e+00 2.546342041170558679e-02
9.459459459459459651e+00 -5.739538396764279349e-02
9.509509509509509684e+00 -1.399448113013854744e-01
9.559559559559559716e+00 -2.219788607864403573e-01
9.609609609609609748e+00 -3.032932336015878305e-01
9.659659659659659781e+00 -3.836858408593497582e-01
9.709709709709709813e+00 -4.629573050105466603e-01
9.759759759759759845e+00 -5.409114534596192181e-01
9.809809809809809877e+00 -6.173558031707865323e-01
9.859859859859859910e+00 -6.921020350700971546e-01
9.909909909909909942e+00 -7.649664570763646809e-01
9.959959959959959974e+00 -8.357704546247706201e-01
1.001001001001001001e+01 -9.043409275805011083e-01
1.006006006006006004e+01 -9.705107124760465886e-01
1.011011011011011007e+01 -1.034118989044669590e+00
1.016016016016016010e+01 -1.095011670063902764e+00
1.021021021021021014e+01 -1.153041773566684025e+00
1.026026026026026017e+01 -1.208069776523758909e+00
1.031031031031031020e+01 -1.259963949149147444e+00
1.036036036036036023e+01 -1.308600669030668628e+00
1.041041041041041026e+01 -1.353864714339609865e+00
1.046046046046046030e+01 -1.395649535427487375e+00
1.051051051051051033e+01 -1.433857504173319253e+00
1.056056056056056036e+01 -1.468400140501799678e+00
1.061061061061061039e+01 -1.499198315551064198e+00
1.066066066066066043e+01 -1.526182431028218822e+00
1.071071071071071223e+01 -1.549292574351337493e+00
1.076076076076076227e+01 -1.568478649238031375e+00
1.081081081081081230e+01 -1.583700481462848142e+00
1.086086086086086233e+01 -1.594927899568441720e+00
1.091091091091091236e+01 -1.602140790378592250e+00
1.096096096096096240e+01 -1.605329129224528639e+00
1.101101101101101243e+01 -1.604492984859463567e+00
1.106106106106106246e+01 -1.599642499099668935e+00
1.111111111111111249e+01 -1.590797841293592807e+00
1.116116116116116252e+01 -1.577989137783329943e+00
1.121121121121121256e+01 -1.561256376585011596e+00
1.126126126126126259e+01 -1.540649287576264070e+00
1.131131131131131262e+01 -1.516227198539607413e+00
1.136136136136136265e+01 -1.488058867470406499e+00
1.141141141141141269e+01 -1.456222291616570574e+00
1.146146146146146272e+01 -1.420804493774511235e+00
1.151151151151151275e+01 -1.381901286421741926e+00
1.156156156156156278e+01 -1.339617014320816146e+00
1.161161161161161282e+01 -1.294064276281920778e+00
1.166166166166166285e+01 -1.245363626822227898e+00
1.171171171171171288e+01 -1.193643258508953142e+00
1.176176176176176291e+01 -1.139038665819843033e+00
1.181181181181181294e+01 -1.081692291399404704e+00
1.186186186186186298e+01 -1.021753155631500709e+00
1.191191191191191301e+01 -9.593764704888518846e-01
1.196196196196196304e+01 -8.947232386574146545e-01
1.201201201201201307e+01 -8.279598389684735826e-01
1.206206206206206311e+01 -7.592575992034840127e-01
1.211211211211211314e+01 -6.887923573661831611e-01
1.216216216216216317e+01 -6.167440125431599141e-01
1.221221221221221320e+01 -5.432960664978951915e-01
1.226226226226226323e+01 -4.686351571641857450e-01
1.231231231231231327e+01 -3.929505852228097895e-01
1.236236236236236330e+01 -3.164338349602366374e-01
1.241241241241241333e+01 -2.392780906200975000e-01
1.246246246246246336e+01 -1.616777494669944248e-01
1.251251251251251340e+01 -8.382793278801438375e-02
1.256256256256256343e+01 -5.923996060025873110e-03
1.261261261261261346e+01 7.183896048953136715e-02
1.266266266266266349e+01 1.492665797040944875e-01
1.271271271271271353e+01 2.261657324838916849e-01
1.276276276276276356e+01 3.023449987280831808e-01
1.281281281281281359e+01 3.776151430374285467e-01
1.286286286286286362e+01 4.517895839972845273e-01
1.291291291291291365e+01 5.246848558791676886e-01
1.296296296296296369e+01 5.961210616204133395e-01
1.301301301301301372e+01 6.659223159655780488e-01
1.306306306306306375e+01 7.339171776800852420e-01
1.311311311311311378e+01 7.999390697761505908e-01
1.316316316316316382e+01 8.638266867231430002e-01
1.321321321321321385e+01 9.254243876491730081e-01
1.326326326326326388e+01 9.845825745777533333e-01
1.331331331331331391e+01 1.041158054782739484e+00
1.336336336336336394e+01 1.095014386386347072e+00
1.341341341341341398e+01 1.146022206368738194e+00
1.346346346346346401e+01 1.194059540203346037e+00
1.351351351351351404e+01 1.239012092379682572e+00
1.356356356356356407e+01 1.280773517124675909e+00
1.361361361361361411e+01 1.319245668684532635e+00
1.366366366366366414e+01 1.354338830581552688e+00
1.371371371371371417e+01 1.385971923314124554e+00
1.376376376376376420e+01 1.414072690023138623e+00
1.381381381381381424e+01 1.438577859704175843e+00
1.386386386386386427e+01 1.459433287601855644e+00
1.391391391391391430e+01 1.476594072480577946e+00
1.396396396396396433e+01 1.490024650524379490e+00
1.401401401401401436e+01 1.499698865677618453e+00
1.406406406406406440e+01 1.505600016297539367e+00
1.411411411411411443e+01 1.507720878049331859e+00
1.416416416416416446e+01 1.506063703033884371e+00
1.421421421421421449e+01 1.500640195197956439e+00
1.426426426426426453e+01 1.491471462135749881e+00
1.431431431431431456e+01 1.478587943449736208e+00
1.436436436436436459e+01 1.462029315896932191e+00
1.441441441441441462e+01 1.441844375604474759e+00
1.446446446446446465e+01 1.418090897695157837e+00
1.451451451451451469e+01 1.390835473719479687e+00
1.456456456456456472e+01 1.360153327345478447e+00
1.461461461461461475e+01 1.326128108811176487e+00
1.466466466466466478e+01 1.288851668696580743e+00
1.471471471471471482e+01 1.248423811622848545e+00
1.476476476476476485e+01 1.204952030535252572e+00
1.481481481481481488e+01 1.158551222273854542e+00
1.486486486486486491e+01 1.109343385181241093e+00
1.491491491491491495e+01 1.057457299540125018e+00
1.496496496496496675e+01 1.003028191675007896e+00
1.501501501501501679e+01 9.461973825913380098e-01
1.506506506506506682e+01 8.871119220625061086e-01
1.511511511511511685e+01 8.259242091096927751e-01
1.516516516516516688e+01 7.627915998516899831e-01
1.521521521521521692e+01 6.978760037315069331e-01
1.526526526526526695e+01 6.313434691536442545e-01
1.531531531531531698e+01 5.633637595903556727e-01
1.536536536536536701e+01 4.941099212369564619e-01
1.541541541541541704e+01 4.237578433152321966e-01
1.546546546546546708e+01 3.524858121402021371e-01
1.551551551551551711e+01 2.804740600788716010e-01
1.556556556556556714e+01 2.079043105401386649e-01
1.561561561561561717e+01 1.349593201426722011e-01
1.566566566566566721e+01 6.182241921235112625e-02
1.571571571571571724e+01 -1.132294823726985242e-02
1.576576576576576727e+01 -8.429368388901302411e-02
1.581581581581581730e+01 -1.569074927220920346e-01
1.586586586586586733e+01 -2.289833376862914771e-01
1.591591591591591737e+01 -3.003418903181238053e-01
1.596596596596596740e+01 -3.708059761791954734e-01
1.601601601601601743e+01 -4.402010140122156190e-01
1.606606606606606746e+01 -5.083554475280124274e-01
1.611611611611611750e+01 -5.751011687575415809e-01
1.616616616616616753e+01 -6.402739319261157025e-01
1.621621621621621756e+01 -7.037137568328888371e-01
1.626626626626626759e+01 -7.652653207469393148e-01
1.631631631631631763e+01 -8.247783378620046069e-01
1.636636636636636766e+01 -8.821079253849875013e-01
1.641641641641641769e+01 -9.371149553686521916e-01
1.646646646646646772e+01 -9.896663914363896808e-01
1.651651651651651775e+01 -1.039635609586458287e+00
1.656656656656656779e+01 -1.086902702304567425e+00
1.661661661661661782e+01 -1.131354765257005734e+00
1.666666666666666785e+01 -1.172886165881560583e+00
1.671671671671671788e+01 -1.211398793240161309e+00
1.676676676676676792e+01 -1.246802288545339588e+00
1.681681681681681795e+01 -1.279014255822163548e+00
1.686686686686686798e+01 -1.307960452218084546e+00
1.691691691691691801e+01 -1.333574957525067273e+00
1.696696696696696804e+01 -1.355800322531260482e+00
1.701701701701701808e+01 -1.374587695873232818e+00
1.706706706706706811e+01 -1.389896929114261770e+00
1.711711711711711814e+01 -1.401696659829216873e+00
1.716716716716716817e+01 -1.409964372532061194e+00
1.721721721721721821e+01 -1.414686437337788982e+00
1.726726726726726824e+01 -1.415858126306555720e+00
1.731731731731731827e+01 -1.413483607473734027e+00
1.736736736736736830e+01 -1.407575916625459778e+00
1.741741741741741833e+01 -1.398156906934825638e+00
1.746746746746746837e+01 -1.385257176629060227e+00
1.751751751751751840e+01 -1.368915974912678468e+00
1.756756756756756843e+01 -1.349181086425562670e+00
1.761761761761761846e+01 -1.326108694568104207e+00
1.766766766766766850e+01 -1.299763224077766788e+00
1.771771771771771853e+01 -1.270217163292596929e+00
1.776776776776776856e+01 -1.237550866587171283e+00
1.781781781781781859e+01 -1.201852337515149527e+00
1.786786786786786863e+01 -1.163216993239791996e+00
1.791791791791791866e+01 -1.121747410879506468e+00
1.796796796796796869e+01 -1.077553056439476631e+00
1.801801801801801872e+01 -1.030749997042682997e+00
1.806806806806806875e+01 -9.814605972139968104e-01
1.811811811811811879e+01 -9.298132000094347926e-01
1.816816816816816882e+01 -8.759417938190108277e-01
1.821821821821821885e+01 -8.199856657058270937e-01
1.826826826826826888e+01 -7.620890421760120326e-01
1.831831831831831892e+01 -7.024007183037918045e-01
1.836836836836836895e+01 -6.410736761632790381e-01
1.841841841841841898e+01 -5.782646935434191393e-01
1.846846846846846901e+01 -5.141339439449098547e-01
1.851851851851851904e+01 -4.488445888777281567e-01
1.856856856856856908e+01 -3.825623634951340613e-01
1.861861861861861911e+01 -3.154551566146296948e-01
1.866866866866866914e+01 -2.476925861882973146e-01
1.871871871871871917e+01 -1.794455712942073511e-01
1.876876876876876921e+01 -1.108859017271512648e-01
1.881881881881881924e+01 -4.218580627080611295e-02
1.886886886886886927e+01 2.648247926542586853e-02
1.891891891891891930e+01 9.494714316323676906e-02
1.896896896896896934e+01 1.630372269885078940e-01
1.901901901901901937e+01 2.305830517902651700e-01
1.906906906906906940e+01 2.974166402447170898e-01
1.911911911911911943e+01 3.633721336958652959e-01
1.916916916916916946e+01 4.282862030590520175e-01
1.921921921921921950e+01 4.919984525712342016e-01
1.926926926926926953e+01 5.543518153917124103e-01
1.931931931931931956e+01 6.151929400794329261e-01
1.936936936936936959e+01 6.743725669977647108e-01
1.941941941941941963e+01 7.317458937247625084e-01
1.946946946946946966e+01 7.871729285762923967e-01
1.951951951951951969e+01 8.405188313809287548e-01
1.956956956956956972e+01 8.916542406791716502e-01
1.961961961961961975e+01 9.404555865551583738e-01
1.966966966966966979e+01 9.868053883465958132e-01
1.971971971971971982e+01 1.030592536517991764e+00
1.976976976976976985e+01 1.071712558023340200e+00
1.981981981981981988e+01 1.110067864527080284e+00
1.986986986986986992e+01 1.145567982896321446e+00
1.991991991991991995e+01 1.178129767422876562e+00
1.996996996996996998e+01 1.207677593280451767e+00
2.002002002002002001e+01 1.234143530770309027e+00
2.007007007007007005e+01 1.257467499957685808e+00
2.012012012012012008e+01 1.277597405351140081e+00
2.017017017017017011e+01 1.294489250327639285e+00
2.022022022022022014e+01 1.308107231057489050e+00
2.027027027027027017e+01 1.318423809735019381e+00
2.032032032032032021e+01 1.325419766973116253e+00
2.037037037037037024e+01 1.329084233272128879e+00
2.042042042042042027e+01 1.329414699526239030e+00
2.047047047047047030e+01 1.326417006582921720e+00
2.052052052052052034e+01 1.320105313923520152e+00
2.057057057057057037e+01 1.310502047585084373e+00
2.062062062062062040e+01 1.297637827495348839e+00
2.067067067067067043e+01 1.281551374443890445e+00
2.072072072072072046e+01 1.262289396963053090e+00
2.077077077077077050e+01 1.239906458441950132e+00
2.082082082082082053e+01 1.214464824845691293e+00
2.087087087087087056e+01 1.186034293459774736e+00
2.092092092092092059e+01 1.154692003126250643e+00
2.097097097097097063e+01 1.120522226483641859e+00
2.102102102102102066e+01 1.083616144766635259e+00
2.107107107107107069e+01 1.044071605764097521e+00
2.112112112112112072e+01 1.001992865574923286e+00
2.117117117117117076e+01 9.574903148404975139e-01
2.122122122122122079e+01 9.106801901700619650e-01
2.127127127127127082e+01 8.616842715108846695e-01
2.132132132132132085e+01 8.106295662488297582e-01
2.137137137137137444e+01 7.576479808565452778e-01
2.142142142142142447e+01 7.028759809360600741e-01
2.147147147147147450e+01 6.464542405298460137e-01
2.152152152152152453e+01 5.885272815996560603e-01
2.157157157157157457e+01 5.292431045951191404e-01
2.162162162162162460e+01 4.687528110546169691e-01
2.167167167167167463e+01 4.072102191989960263e-01
2.172172172172172466e+01 3.447714734942902148e-01
2.177177177177177470e+01 2.815946491727726597e-01
2.182182182182182473e+01 2.178393527122961804e-01
2.187187187187187476e+01 1.536663192819981427e-01
2.192192192192192479e+01 8.923700816802193625e-02
2.197197197197197482e+01 2.471319719593606870e-02
2.202202202202202486e+01 -3.974342283298915729e-02
2.207207207207207489e+01 -1.039716526765579047e-01
2.212212212212212492e+01 -1.678111871469934180e-01
2.217217217217217495e+01 -2.311030145634916932e-01
2.222222222222222499e+01 -2.936898121682485763e-01
2.227227227227227502e+01 -3.554163365243150907e-01
2.232232232232232505e+01 -4.161298079281577356e-01
2.237237237237237508e+01 -4.756802878867206208e-01
2.242242242242242511e+01 -5.339210487280396933e-01
2.247247247247247515e+01 -5.907089344360149097e-01
2.252252252252252518e+01 -6.459047118237326579e-01
2.257257257257257521e+01 -6.993734111856758640e-01
2.262262262262262524e+01 -7.509846555972246041e-01
2.267267267267267528e+01 -8.006129780599176016e-01
2.272272272272272531e+01 -8.481381257229789750e-01
2.277277277277277534e+01 -8.934453504454928918e-01
2.282282282282282537e+01 -9.364256849992776965e-01
2.287287287287287540e+01 -9.769762042498464361e-01
2.292292292292292544e+01 -1.015000270691764683e+00
2.297297297297297547e+01 -1.050407763755130119e+00
2.302302302302302550e+01 -1.083115292341681357e+00
2.307307307307307553e+01 -1.113046390092100157e+00
2.312312312312312557e+01 -1.140131692930298479e+00
2.317317317317317560e+01 -1.164309098475746262e+00
2.322322322322322563e+01 -1.185523906961092333e+00
2.327327327327327566e+01 -1.203728943339363422e+00
2.332332332332332570e+01 -1.218884660312721024e+00
2.337337337337337573e+01 -1.230959222063060077e+00
2.342342342342342576e+01 -1.239928568513467555e+00
2.347347347347347579e+01 -1.245776459998633845e+00
2.352352352352352582e+01 -1.248494502271590090e+00
2.357357357357357586e+01 -1.248082151823509012e+00
2.362362362362362589e+01 -1.244546701542624811e+00
2.367367367367367592e+01 -1.237903246787492639e+00
2.372372372372372595e+01 -1.228174631998672162e+00
2.377377377377377599e+01 -1.215391378021395630e+00
2.382382382382382602e+01 -1.199591590359700310e+00
2.387387387387387605e+01 -1.180820848629805742e+00
2.392392392392392608e+01 -1.159132077527031734e+00
2.397397397397397611e+01 -1.134585399666195427e+00
2.402402402402402615e+01 -1.107247970700082851e+00
2.407407407407407618e+01 -1.077193797164127442e+00
2.412412412412412621e+01 -1.044503537537780025e+00
2.417417417417417624e+01 -1.009264287054071341e+00
2.422422422422422628e+01 -9.715693468284939405e-01
2.427427427427427631e+01 -9.315179779164241003e-01
2.432432432432432634e+01 -8.892151409448187938e-01
2.437437437437437637e+01 -8.447712219987398852e-01
2.442442442442442641e+01 -7.983017454762881826e-01
2.447447447447447644e+01 -7.499270746567355816e-01
2.452452452452452647e+01 -6.997721007558970197e-01
2.457457457457457650e+01 -6.479659212700591420e-01
2.462462462462462653e+01 -5.946415084349843116e-01
2.467467467467467657e+01 -5.399353686496007887e-01
2.472472472472472660e+01 -4.839871937349076170e-01
2.477477477477477663e+01 -4.269395049173124734e-01
2.482482482482482666e+01 -3.689372904420586963e-01
2.487487487487487670e+01 -3.101276377365263515e-01
2.492492492492492673e+01 -2.506593610549959217e-01
2.497497497497497676e+01 -1.906826255459087016e-01
2.502502502502502679e+01 -1.303485686897325191e-01
2.507507507507507682e+01 -6.980892006022267060e-02
2.512512512512512686e+01 -9.215620364163649644e-03
2.517517517517517689e+01 5.127955928543141001e-02
2.522522522522522692e+01 1.115253969101776960e-01
2.527527527527527695e+01 1.713715970736214844e-01
2.532532532532532699e+01 2.306691652146124760e-01
2.537537537537537702e+01 2.892707779759454145e-01
2.542542542542542705e+01 3.470311486093541897e-01
2.547547547547547708e+01 4.038073865521054628e-01
2.552552552552552712e+01 4.594593502868348223e-01
2.557557557557557715e+01 5.138499926148579755e-01
2.562562562562562718e+01 5.668456974939192206e-01
2.567567567567567721e+01 6.183166076141475287e-01
2.572572572572572724e+01 6.681369419108307284e-01
2.577577577577577728e+01 7.161853022394033541e-01
2.582582582582582731e+01 7.623449684667253923e-01
2.587587587587587734e+01 8.065041812632078866e-01
2.592592592592592737e+01 8.485564119125658111e-01
2.597597597597597741e+01 8.884006184898283198e-01
2.602602602602602744e+01 9.259414877936680277e-01
2.607607607607607747e+01 9.610896624559830403e-01
2.612612612612612750e+01 9.937619526899313938e-01
2.617617617617617753e+01 1.023881532177135512e+00
2.622622622622622757e+01 1.051378117635480836e+00
2.627627627627627760e+01 1.076188131650688717e+00
2.632632632632632763e+01 1.098254848397576255e+00
2.637637637637637766e+01 1.117528521920480911e+00
2.642642642642642770e+01 1.133966496686655168e+00
2.647647647647647773e+01 1.147533300171364345e+00
2.652652652652652776e+01 1.158200717278892400e+00
2.657657657657657779e+01 1.165947846449506331e+00
2.662662662662662783e+01 1.170761137348572900e+00
2.667667667667667786e+01 1.172634410080326983e+00
2.672672672672672789e+01 1.171568855915156471e+00
2.677677677677677792e+01 1.167573019565546266e+00
2.682682682682682795e+01 1.160662763091956817e+00
2.687687687687687799e+01 1.150861211565714859e+00
2.692692692692692802e+01 1.138198680661406170e+00
2.697697697697697805e+01 1.122712586396152457e+00
2.702702702702702808e+01 1.104447337277390861e+00
2.707707707707707812e+01 1.083454209164296467e+00
2.712712712712712815e+01 1.059791203190639353e+00
2.717717717717717818e+01 1.033522887138568214e+00
2.722722722722722821e+01 1.004720220693457566e+00
2.727727727727727824e+01 9.734603650494387805e-01
2.732732732732732828e+01 9.398264773734701372e-01
2.737737737737737831e+01 9.039074906726776160e-01
2.742742742742742834e+01 8.657978796451493153e-01
2.747747747747747837e+01 8.255974131282889372e-01
2.752752752752752841e+01 7.834108937911437032e-01
2.757757757757757844e+01 7.393478857477735477e-01
2.762762762762762847e+01 6.935224307975877966e-01
2.767767767767767850e+01 6.460527540256474355e-01
2.772772772772772854e+01 5.970609595210845111e-01
2.777777777777777857e+01 5.466727169950178489e-01
2.782782782782782860e+01 4.950169401005496961e-01
2.787787787787787863e+01 4.422254572766023961e-01
2.792792792792792866e+01 3.884326759544169949e-01
2.797797797797797870e+01 3.337752409804717324e-01
2.802802802802802873e+01 2.783916881223496564e-01
2.807807807807807876e+01 2.224220935346565009e-01
2.812812812812812879e+01 1.660077200704491995e-01
2.817817817817817883e+01 1.092906613297585094e-01
2.822822822822822886e+01 5.241348434067146650e-02
2.827827827827827889e+01 -4.481128229929316927e-03
2.832832832832832892e+01 -6.125073543948979238e-02
2.837837837837837895e+01 -1.177534941131514606e-01
2.842842842842842899e+01 -1.738485126788311685e-01
2.847847847847847902e+01 -2.293962019127887830e-01
2.852852852852852905e+01 -2.842586217239516100e-01
2.857857857857857908e+01 -3.382998231169250802e-01
2.862862862862862912e+01 -3.913861844874049756e-01
2.867867867867867915e+01 -4.433867414195856171e-01
2.872872872872872918e+01 -4.941735091730848906e-01
2.877877877877877921e+01 -5.436217970668268951e-01
2.882882882882882924e+01 -5.916105139891936204e-01
2.887887887887887928e+01 -6.380224642875067520e-01
2.892892892892892931e+01 -6.827446333154733038e-01
2.897897897897897934e+01 -7.256684619445656903e-01
2.902902902902902937e+01 -7.666901093743023754e-01
2.907907907907907941e+01 -8.057107036070332295e-01
2.912912912912912944e+01 -8.426365789849583621e-01
2.917917917917917947e+01 -8.773795002207100957e-01
2.922922922922922950e+01 -9.098568723877663578e-01
2.927927927927927954e+01 -9.399919363731739086e-01
2.932932932932932957e+01 -9.677139493324402597e-01
2.937937937937937960e+01 -9.929583497249191426e-01
2.942942942942942963e+01 -1.015666906547444848e+00
2.947947947947947966e+01 -1.035787852424292277e+00
2.952952952952952970e+01 -1.053276000252626021e+00
2.957957957957957973e+01 -1.068092843144369475e+00
2.962962962962962976e+01 -1.080206637447747031e+00
2.967967967967967979e+01 -1.089592468674536407e+00
2.972972972972972983e+01 -1.096232300202211407e+00
2.977977977977977986e+01 -1.100115004663517304e+00
2.982982982982982989e+01 -1.101236377979541992e+00
2.987987987987987992e+01 -1.099599136035867675e+00
2.992992992992993351e+01 -1.095212894044841123e+00
2.997997997997998354e+01 -1.088094128680242134e+00
3.003003003003003357e+01 -1.078266123113579056e+00
3.008008008008008360e+01 -1.065758895123790406e+00
3.013013013013013364e+01 -1.050609108494135580e+00
3.018018018018018367e+01 -1.032859967951480495e+00
3.023023023023023370e+01 -1.012561097943849298e+00
3.028028028028028373e+01 -9.897684055919920842e-01
3.033033033033033377e+01 -9.645439281896450723e-01
3.038038038038038380e+01 -9.369556656650881443e-01
3.043043043043043383e+01 -9.070773984534279410e-01
3.048048048048048386e+01 -8.749884912646405111e-01
3.053053053053053389e+01 -8.407736832667536131e-01
3.058058058058058393e+01 -8.045228652364999622e-01
3.063063063063063396e+01 -7.663308442612952742e-01
3.068068068068068399e+01 -7.262970966063873046e-01
3.073073073073073402e+01 -6.845255093894120346e-01
3.078078078078078406e+01 -6.411241117313226656e-01
3.083083083083083409e+01 -5.962047960776712952e-01
3.088088088088088412e+01 -5.498830304074174835e-01
3.093093093093093415e+01 -5.022775620678361364e-01
3.098098098098098419e+01 -4.535101139935589498e-01
3.103103103103103422e+01 -4.037050740853442288e-01
3.108108108108108425e+01 -3.529891785397314963e-01
3.113113113113113428e+01 -3.014911899342994084e-01
3.118118118118118431e+01 -2.493415708847621648e-01
3.123123123123123435e+01 -1.966721540995902129e-01
3.128128128128128438e+01 -1.436158096652069283e-01
3.133133133133133441e+01 -9.030611040007832657e-02
3.138138138138138444e+01 -3.687699611917021753e-02
3.143143143143143448e+01 1.653756234870839073e-02
3.148148148148148451e+01 6.980389854922411375e-02
3.153153153153153454e+01 1.227889843582182228e-01
3.158158158158158457e+01 1.753607616717670070e-01
3.163163163163163460e+01 2.273884710049210722e-01
3.168168168168168464e+01 2.787429761828300601e-01
3.173173173173173467e+01 3.292970843193731567e-01
3.178178178178178470e+01 3.789258602918192387e-01
3.183183183183183473e+01 4.275069349354027048e-01
3.188188188188188477e+01 4.749208061989677043e-01
3.193193193193193480e+01 5.210511325219746581e-01
3.198198198198198483e+01 5.657850177141080517e-01
3.203203203203203486e+01 6.090132866414329493e-01
3.208208208208208134e+01 6.506307510474472755e-01
3.213213213213213493e+01 6.905364648634345626e-01
3.218218218218218141e+01 7.286339683900411313e-01
3.223223223223223499e+01 7.648315207612702560e-01
3.228228228228228147e+01 7.990423201323175739e-01
3.233233233233233506e+01 8.311847110648475923e-01
3.238238238238238154e+01 8.611823786160635041e-01
3.243243243243243512e+01 8.889645286725252893e-01
3.248248248248248160e+01 9.144660541047024971e-01
3.253253253253253519e+01 9.376276863548785867e-01
3.258258258258258167e+01 9.583961321079899065e-01
3.263263263263263525e+01 9.767241947332674368e-01
3.268268268268268173e+01 9.925708802230659433e-01
3.273273273273273531e+01 1.005901487394820881e+00
3.278278278278278179e+01 1.016687682161744544e+00
3.283283283283283538e+01 1.024907555718306718e+00
3.288288288288288186e+01 1.030545666526959891e+00
3.293293293293293544e+01 1.033593066033479113e+00
3.298298298298298192e+01 1.034047308079041327e+00
3.303303303303303551e+01 1.031912442018130704e+00
3.308308308308308199e+01 1.027198989592062572e+00
3.313313313313313557e+01 1.019923905648502993e+00
3.318318318318318205e+01 1.010110522837626146e+00
3.323323323323323564e+01 9.977884804553482923e-01
3.328328328328328212e+01 9.829936376434902368e-01
3.333333333333333570e+01 9.657679711953665036e-01
3.338338338338338218e+01 9.461594582534305076e-01
3.343343343343343577e+01 9.242219442227410653e-01
3.348348348348348225e+01 9.000149962604941933e-01
3.353353353353353583e+01 8.736037427371023956e-01
3.358358358358358231e+01 8.450586990987974945e-01
3.363363363363363590e+01 8.144555805947081284e-01
3.368368368368368237e+01 7.818751023635436281e-01
3.373373373373373596e+01 7.474027674054143366e-01
3.378378378378378244e+01 7.111286429938578069e-01
3.383383383383383602e+01 6.731471261106820592e-01
3.388388388388388250e+01 6.335566985128451289e-01
3.393393393393393609e+01 5.924596720650064929e-01
3.398398398398398257e+01 5.499619249948187738e-01
3.403403403403403615e+01 5.061726297490829474e-01
3.408408408408408263e+01 4.612039731489204764e-01
3.413413413413413622e+01 4.151708695596194043e-01
3.418418418418418980e+01 3.681906678072464079e-01
3.423423423423423628e+01 3.203828525879551803e-01
3.428428428428428987e+01 2.718687411284355648e-01
3.433433433433433635e+01 2.227711758663211972e-01
3.438438438438438993e+01 1.732142139275626991e-01
3.443443443443443641e+01 1.233228141846147152e-01
3.448448448448449000e+01 7.322252268334238090e-02
3.453453453453453648e+01 2.303915722950254999e-02
3.458458458458459006e+01 -2.710150807427081157e-02
3.463463463463463654e+01 -7.707405755105382894e-02
3.468468468468469013e+01 -1.267537471457560738e-01
3.473473473473473661e+01 -1.760168153136827951e-01
3.478478478478479019e+01 -2.247407908282291478e-01
3.483483483483483667e+01 -2.728047967432069565e-01
3.488488488488489025e+01 -3.200898497569063528e-01
3.493493493493493673e+01 -3.664791542375654965e-01
3.498498498498499032e+01 -4.118583901852040374e-01
3.503503503503503680e+01 -4.561159944209698947e-01
3.508508508508509038e+01 -4.991434343139443119e-01
3.513513513513513686e+01 -5.408354733749909382e-01
3.518518518518519045e+01 -5.810904280693393043e-01
3.523523523523523693e+01 -6.198104152224752639e-01
3.528528528528529051e+01 -6.569015894190854965e-01
3.533533533533533699e+01 -6.922743698206867968e-01
3.538538538538539058e+01 -7.258436558555542151e-01
3.543543543543543706e+01 -7.575290312631701717e-01
3.548548548548549064e+01 -7.872549560059280971e-01
3.553553553553553712e+01 -8.149509455918474421e-01
3.558558558558559071e+01 -8.405517373847875007e-01
3.563563563563563719e+01 -8.639974435117727669e-01
3.568568568568569077e+01 -8.852336900116417606e-01
3.573573573573573725e+01 -9.042117419041321158e-01
3.578578578578579084e+01 -9.208886138946221767e-01
3.583583583583583732e+01 -9.352271664660707362e-01
3.588588588588589090e+01 -9.471961871469485317e-01
3.593593593593593738e+01 -9.567704567813239969e-01
3.598598598598599096e+01 -9.639308006652896887e-01
3.603603603603603744e+01 -9.686641244519501592e-01
3.608608608608609103e+01 -9.709634347656068698e-01
3.613613613613613751e+01 -9.708278445040930960e-01
3.618618618618619109e+01 -9.682625628466329237e-01
3.623623623623623757e+01 -9.632788700228114287e-01
3.628628628628629116e+01 -9.558940769362872514e-01
3.633633633633633764e+01 -9.461314697746103786e-01
3.638638638638639122e+01 -9.340202397737906725e-01
3.643643643643643770e+01 -9.195953983431398582e-01
3.648648648648649129e+01 -9.028976777920597607e-01
3.653653653653653777e+01 -8.839734179361121713e-01
3.658658658658659135e+01 -8.628744388943646593e-01
3.663663663663663783e+01 -8.396579004240917188e-01
3.668668668668669142e+01 -8.143861481717549200e-01
3.673673673673673790e+01 -7.871265472513554462e-01
3.678678678678679148e+01 -7.579513035919465125e-01
3.683683683683683796e+01 -7.269372735260497542e-01
3.688688688688689155e+01 -6.941657621189627481e-01
3.693693693693693803e+01 -6.597223107663875430e-01
3.698698698698699161e+01 -6.236964746133426551e-01
3.703703703703703809e+01 -5.861815903719773679e-01
3.708708708708709167e+01 -5.472745351384866730e-01
3.713713713713713815e+01 -5.070754768309631011e-01
3.718718718718719174e+01 -4.656876168894258927e-01
3.723723723723723822e+01 -4.232169258976957171e-01
3.728728728728729180e+01 -3.797718728028207646e-01
3.733733733733733828e+01 -3.354631484228065563e-01
3.738738738738739187e+01 -2.904033839459344568e-01
3.743743743743743835e+01 -2.447068651364723846e-01
3.748748748748749193e+01 -1.984892429705029937e-01
3.753753753753753841e+01 -1.518672414334844012e-01
3.758758758758759200e+01 -1.049583632163913621e-01
3.763763763763763848e+01 -5.788059405148403280e-02
3.768768768768769206e+01 -1.075210643025703225e-02
3.773773773773773854e+01 3.630903655339597080e-02
3.778778778778779213e+01 8.318517649399090330e-02
3.783783783783783861e+01 1.297593533616468175e-01
3.788788788788789219e+01 1.759155968539915238e-01
3.793793793793793867e+01 2.215392146879899549e-01
3.798798798798799226e+01 2.665170771164368513e-01
3.803803803803803874e+01 3.107378969643174726e-01
3.808808808808809232e+01 3.540925044932771160e-01
3.813813813813813880e+01 3.964741164163591569e-01
3.818818818818819238e+01 4.377785984015732934e-01
3.823823823823823886e+01 4.779047204200792542e-01
3.828828828828829245e+01 5.167544043143553756e-01
3.833833833833833893e+01 5.542329629820695880e-01
3.838838838838839251e+01 5.902493305939290336e-01
3.843843843843843899e+01 6.247162832870329918e-01
3.848848848848849258e+01 6.575506498005591061e-01
3.853853853853853906e+01 6.886735115465166812e-01
3.858858858858859264e+01 7.180103916360799365e-01
3.863863863863863912e+01 7.454914324103131262e-01
3.868868868868869271e+01 7.710515610540622511e-01
3.873873873873873919e+01 7.946306429021883222e-01
3.878878878878879277e+01 8.161736220791567797e-01
3.883883883883883925e+01 8.356306491451849228e-01
3.888888888888889284e+01 8.529571954555438262e-01
3.893893893893893932e+01 8.681141539732523116e-01
3.898898898898899290e+01 8.810679263100115177e-01
3.903903903903903938e+01 8.917904958049852615e-01
3.908908908908909297e+01 9.002594864865013369e-01
3.913913913913913944e+01 9.064582077972733742e-01
3.918918918918919303e+01 9.103756849997131084e-01
3.923923923923923951e+01 9.120066752138367150e-01
3.928928928928929309e+01 9.113516690763805439e-01
3.933933933933933957e+01 9.084168780457154702e-01
3.938938938938939316e+01 9.032142074130518061e-01
3.943943943943943964e+01 8.957612151160758707e-01
3.948948948948949322e+01 8.860810564864899375e-01
3.953953953953953970e+01 8.742024150979066377e-01
3.958958958958959329e+01 8.601594199149502629e-01
3.963963963963963977e+01 8.439915489783788027e-01
3.968968968968969335e+01 8.257435198941772692e-01
3.973973973973973983e+01 8.054651674271804396e-01
3.978978978978979342e+01 7.832113085313239242e-01
3.983983983983983990e+01 7.590415951795572713e-01
3.988988988988989348e+01 7.330203553860967780e-01
3.993993993993993996e+01 7.052164228426451853e-01
3.998998998998999355e+01 6.757029556176659124e-01
4.004004004004004003e+01 6.445572443944874719e-01
4.009009009009009361e+01 6.118605107490179273e-01
4.014014014014014009e+01 5.776976959920253618e-01
4.019019019019019368e+01 5.421572411232413735e-01
4.024024024024024015e+01 5.053308584659782499e-01
4.029029029029029374e+01 4.673132955703445113e-01
4.034034034034034022e+01 4.282020919916204038e-01
4.039039039039039380e+01 3.880973295666609868e-01
4.044044044044044028e+01 3.471013768265541199e-01
4.049049049049049387e+01 3.053186281968116034e-01
4.054054054054054035e+01 2.628552386484812042e-01
4.059059059059059393e+01 2.198188544732501137e-01
4.064064064064064041e+01 1.763183408643497208e-01
4.069069069069069400e+01 1.324635069913140117e-01
4.074074074074074048e+01 8.836482926193356402e-02
4.079079079079079406e+01 4.413317346750220832e-02
4.084084084084084054e+01 -1.204834907465918739e-04
4.089089089089089413e+01 -4.428533159686208476e-02
4.094094094094094061e+01 -8.825100474159786046e-02
4.099099099099099419e+01 -1.319078560788012056e-01
4.104104104104104067e+01 -1.751472310306891322e-01
4.109109109109109426e+01 -2.178617372635855143e-01
4.114114114114114074e+01 -2.599455109642367368e-01
4.119119119119119432e+01 -3.012944787578163419e-01
4.124124124124124080e+01 -3.418066146205667732e-01
4.129129129129129439e+01 -3.813821911542314980e-01
4.134134134134134086e+01 -4.199240246044323444e-01
4.139139139139139445e+01 -4.573377130224118847e-01
4.144144144144144093e+01 -4.935318669875603526e-01
4.149149149149149451e+01 -5.284183323282851674e-01
4.154154154154154099e+01 -5.619124042995945478e-01
4.159159159159159458e+01 -5.939330326985590158e-01
4.164164164164164106e+01 -6.244030174222205964e-01
4.169169169169169464e+01 -6.532491939977367323e-01
4.174174174174174112e+01 -6.804026086402936713e-01
4.179179179179179471e+01 -7.057986824217020727e-01
4.184184184184184119e+01 -7.293773641604153202e-01
4.189189189189189477e+01 -7.510832716729685110e-01
4.194194194194194125e+01 -7.708658210564492963e-01
4.199199199199199484e+01 -7.886793437024579578e-01
4.204204204204204132e+01 -8.044831907741064603e-01
4.209209209209209490e+01 -8.182418249097219709e-01
4.214214214214214138e+01 -8.299248989491825323e-01
4.219219219219219497e+01 -8.395073215118649124e-01
4.224224224224224145e+01 -8.469693092882977226e-01
4.229229229229229503e+01 -8.522964259412587618e-01
4.234234234234234151e+01 -8.554796075456876370e-01
4.239239239239239510e+01 -8.565151745306933684e-01
4.244244244244244157e+01 -8.554048301207378691e-01
4.249249249249249516e+01 -8.521556453069134562e-01
4.254254254254254164e+01 -8.467800304128656474e-01
4.259259259259259522e+01 -8.392956933533380903e-01
4.264264264264264170e+01 -8.297255847164446418e-01
4.269269269269269529e+01 -8.180978298334574683e-01
4.274274274274274887e+01 -8.044456480321933167e-01
4.279279279279279535e+01 -7.888072593017131373e-01
4.284284284284284894e+01 -7.712257786271292659e-01
4.289289289289289542e+01 -7.517490982836922964e-01
4.294294294294294900e+01 -7.304297584087923179e-01
4.299299299299299548e+01 -7.073248061993521185e-01
4.304304304304304907e+01 -6.824956441096993176e-01
4.309309309309309555e+01 -6.560078674519729258e-01
4.314314314314314913e+01 -6.279310918266348684e-01
4.319319319319319561e+01 -5.983387708354761525e-01
4.324324324324324920e+01 -5.673080045526989190e-01
4.329329329329329568e+01 -5.349193392520696921e-01
4.334334334334334926e+01 -5.012565589087849549e-01
4.339339339339339574e+01 -4.664064690145010017e-01
4.344344344344344933e+01 -4.304586732618649325e-01
4.349349349349349581e+01 -3.935053436719122555e-01
4.354354354354354939e+01 -3.556409847526561530e-01
4.359359359359359587e+01 -3.169621922912730372e-01
4.364364364364364945e+01 -2.775674073941896136e-01
4.369369369369369593e+01 -2.375566664003789796e-01
4.374374374374374952e+01 -1.970313473019071060e-01
4.379379379379379600e+01 -1.560939133135965939e-01
4.384384384384384958e+01 -1.148476542391694416e-01
4.389389389389389606e+01 -7.339642628581410921e-02
4.394394394394394965e+01 -3.184439098133360485e-02
4.399399399399399613e+01 9.704246150658511413e-03
4.404404404404404971e+01 5.114549650310731832e-02
4.409409409409409619e+01 9.237584823302928683e-02
4.414414414414414978e+01 1.332925243960932926e-01
4.419419419419419626e+01 1.737937387254024080e-01
4.424424424424424984e+01 2.137789484191657818e-01
4.429429429429429632e+01 2.531491033103347443e-01
4.434434434434434991e+01 2.918068908019562091e-01
4.439439439439439639e+01 3.296569759634632724e-01
4.444444444444444997e+01 3.666062361968013827e-01
4.449449449449449645e+01 4.025639898957132368e-01
4.454454454454455004e+01 4.374422185380353323e-01
4.459459459459459651e+01 4.711557816680829736e-01
4.464464464464465010e+01 5.036226242454069357e-01
4.469469469469469658e+01 5.347639758560436274e-01
4.474474474474475016e+01 5.645045413040635784e-01
4.479479479479479664e+01 5.927726821234642340e-01
4.484484484484485023e+01 6.195005885743858354e-01
4.489489489489489671e+01 6.446244417120456927e-01
4.494494494494495029e+01 6.680845651427164134e-01
4.499499499499499677e+01 6.898255661074120804e-01
4.504504504504505036e+01 7.097964655616098018e-01
4.509509509509509684e+01 7.279508169473232204e-01
4.514514514514515042e+01 7.442468133829558408e-01
4.519519519519519690e+01 7.586473830257137729e-01
4.524524524524525049e+01 7.711202723916289470e-01
4.529529529529529697e+01 7.816381174486483063e-01
4.534534534534535055e+01 7.901785023293708132e-01
4.539539539539539703e+01 7.967240055411741739e-01
4.544544544544545062e+01 8.012622335831246501e-01
4.549549549549549710e+01 8.037858419106730379e-01
4.554554554554555068e+01 8.042925432209969694e-01
4.559559559559559716e+01 8.027851030635925200e-01
4.564564564564565075e+01 7.992713228124579405e-01
4.569569569569569722e+01 7.937640100677666455e-01
4.574574574574575081e+01 7.862809365862499789e-01
4.579579579579579729e+01 7.768447838705427877e-01
4.584584584584585087e+01 7.654830765783419144e-01
4.589589589589589735e+01 7.522281039424444371e-01
4.594594594594595094e+01 7.371168294222881778e-01
4.599599599599599742e+01 7.201907888367203858e-01
4.604604604604605100e+01 7.014959772559448137e-01
4.609609609609609748e+01 6.810827249583059073e-01
4.614614614614615107e+01 6.590055627841790997e-01
4.619619619619619755e+01 6.353230772452753694e-01
4.624624624624625113e+01 6.100977557724157618e-01
4.629629629629629761e+01 5.833958225089393990e-01
4.634634634634635120e+01 5.552870650795527219e-01
4.639639639639639768e+01 5.258446527863781528e-01
4.644644644644645126e+01 4.951449467042774999e-01
4.649649649649649774e+01 4.632673021671066538e-01
4.654654654654655133e+01 4.302938641543597731e-01
4.659659659659659781e+01 3.963093561046836522e-01
4.664664664664665139e+01 3.614008626978603145e-01
4.669669669669669787e+01 3.256576071611623768e-01
4.674674674674675146e+01 2.891707236682752313e-01
4.679679679679679793e+01 2.520330254104424794e-01
4.684684684684685152e+01 2.143387689288379916e-01
4.689689689689689800e+01 1.761834153056820451e-01
4.694694694694695158e+01 1.376633888179478460e-01
4.699699699699699806e+01 9.887583366298874354e-02
4.704704704704705165e+01 5.991836936868194519e-02
4.709709709709709813e+01 2.088884550309581117e-02
4.714714714714715171e+01 -1.811490370113610915e-02
4.719719719719719819e+01 -5.699530419321728603e-02
4.724724724724725178e+01 -9.565528580975633799e-02
4.729729729729729826e+01 -1.339985242316159009e-01
4.734734734734735184e+01 -1.719296805901026071e-01
4.739739739739739832e+01 -2.093546381272949619e-01
4.744744744744745191e+01 -2.461807353242184693e-01
4.749749749749749839e+01 -2.823169949202454787e-01
4.754754754754755197e+01 -3.176743482588752499e-01
4.759759759759759845e+01 -3.521658544075429997e-01
4.764764764764765204e+01 -3.857069135136194649e-01
4.769769769769769852e+01 -4.182154738739436994e-01
4.774774774774775210e+01 -4.496122322123274895e-01
4.779779779779779858e+01 -4.798208266771723518e-01
4.784784784784785217e+01 -5.087680220908364914e-01
4.789789789789789864e+01 -5.363838870024332239e-01
4.794794794794795223e+01 -5.626019621174269680e-01
4.799799799799799871e+01 -5.873594196995701733e-01
4.804804804804805229e+01 -6.105972135643792376e-01
4.809809809809809877e+01 -6.322602193074187138e-01
4.814814814814815236e+01 -6.522973644360453571e-01
4.819819819819819884e+01 -6.706617480989857105e-01
4.824824824824825242e+01 -6.873107501349658977e-01
4.829829829829829890e+01 -7.022061291887213841e-01
4.834834834834835249e+01 -7.153141096707493762e-01
4.839839839839839897e+01 -7.266054573653849546e-01
4.844844844844845255e+01 -7.360555435207262187e-01
4.849849849849849903e+01 -7.436443972829663851e-01
4.854854854854855262e+01 -7.493567463672582418e-01
4.859859859859859910e+01 -7.531820458867921619e-01
4.864864864864865268e+01 -7.551144952916494235e-01
4.869869869869869916e+01 -7.551530433987869717e-01
4.874874874874875275e+01 -7.533013815243991829e-01
4.879879879879879923e+01 -7.495679247596325201e-01
4.884884884884885281e+01 -7.439657814602319563e-01
4.889889889889889929e+01 -7.365127110500694352e-01
4.894894894894895288e+01 -7.272310702675222061e-01
4.899899899899899935e+01 -7.161477480123896733e-01
4.904904904904905294e+01 -7.032940889791865491e-01
4.909909909909909942e+01 -6.887058062904296563e-01
4.914914914914915300e+01 -6.724228833705424568e-01
4.919919919919919948e+01 -6.544894653275620255e-01
4.924924924924925307e+01 -6.349537401354401478e-01
4.929929929929929955e+01 -6.138678099348028327e-01
4.934934934934935313e+01 -5.912875527939880360e-01
4.939939939939939961e+01 -5.672724752955343730e-01
4.944944944944945320e+01 -5.418855563353502935e-01
4.949949949949949968e+01 -5.151930825432066152e-01
4.954954954954955326e+01 -4.872644757531399695e-01
4.959959959959959974e+01 -4.581721129716222474e-01
4.964964964964965333e+01 -4.279911393089942950e-01
4.969969969969969981e+01 -3.967992743565918468e-01
4.974974974974975339e+01 -3.646766125071769782e-01
4.979979979979979987e+01 -3.317054177307171559e-01
4.984984984984985346e+01 -2.979699133301332847e-01
4.989989989989989994e+01 -2.635560672134380500e-01
4.994994994994995352e+01 -2.285513732285439359e-01
5.000000000000000000e+01 -1.930446291160805017e-01
